  $Revision: 17$  $Date: 29/02/2012 11:43:58$

300002  2 000002 000003

300003  3 000010 000011 000012

300004  9 300003 000013 000014 000015 000016 000017 000018 000019 000020

300010  4 300003 101000 031001 000030

301001  2 001001 001002

301002  3 001003 001004 001005

301003  3 001011 001012 001013

          (SURFACE STATION IDENTIFICATION)
301004  4 001001 001002 001015 002001

          (ORIGIN AND IDENTIFICATION SEQUENCE)
301005  2 001035 001034

301011  3 004001 004002 004003

301012  2 004004 004005

301013  3 004004 004005 004006

          (TIME PERIOD)
301014  3 102002 301011 301012

301021  2 005001 006001

301022  3 005001 006001 007001

301023  2 005002 006002

301024  3 005002 006002 007001

301025  3 301023 004003 301012

301026  7 301021 004003 004003 004004 004004 004005 004005

          3-d or 2-d (if count is 1) description of feature        !1.10
301027  5 008007 101000 031001 301028 008007

          (HORIZONTAL SECTION OF A FEATURE DESCRIBED AS A POLYGON, CIR
301028  8 008040 033042 007010 101000 031002 301023 019007 008040

          HYCOS identification                                     !1.9
301029  3 001018 002001 301011

          HYCOS identification with location                       !1.9
301030  4 001018 002001 301011 301024

301031  5 301001 002001 301011 301012 301022

301032  5 301001 002001 301011 301012 301024

          (BUOY/PLATFORM  FIXED)
301033  5 001005 002001 301011 301012 301021

          (BUOY/PLATFORM  FIXED)
301034  5 001005 002001 301011 301012 301023

          (BUOY/PLATFORM  MOVING)
301035  7 001005 001012 001013 002001 301011 301012 301023

          (SHIP)
301036  5 301003 002001 301011 301012 301023

          (LAND STATION FOR VERTICAL SOUNDINGS)
301037  6 301001 002011 002012 301011 301012 301022

          (LAND STATION FOR VERTICAL SOUNDINGS)
301038  6 301001 002011 002012 301011 301012 301024

          (SHIP FOR VERTICAL SOUNDINGS)
301039  6 301003 002011 002012 301011 301012 301023

301040  6 301003 002011 002012 301011 301012 301024

301041  5 001007 002021 002022 301011 301012

301042  2 301041 301021

301043  5 001007 002023 301011 301013 301021

301044  5 001007 002024 301011 301013 301021

          (SATELLITE LOCATION AND VELOCITY)
301045  9 301011 301012 201138 202131 004006 201000 202000 304030 304031

301046 10 001007 001012 002048 021119 025060 202124 002026 002027 202000 005040

          (ERS PRODUCT HEADER)
301047 15 001007 025060 001033 001034 001012 301045 002021 301011 301012 201138
202131 004006 201000 202000 301023

          (RADAR PARAMETERS)
301048 14 002104 002121 002113 002026 002027 002111 002140 202127 001013 202126
007001 202000 025010 021064

          (RADAR BEAM DATA)
301049  5 002111 002112 021062 021063 021065

301051  6 001006 002061 301011 301012 301021 008004

301055  7 001005 002001 301011 301012 301021 001012 001014

          (Universal lightning event)
301058 37 301011 301012 201152 202135 004006 202000 201000 301021 020111 020112
020113 020114 020115 020116 020117 020118 020119 025035 020121 020122
020123 020124 025175 020023 025063 202136 201136 002121 201000 202000
025061 002184 002189 025036 101000 031002 301059

          (Identification of sensor site and instrumentation)
301059  3 301021 007030 007032

          (RADAR LOCATION(S))
301062  3 101000 031001 301001

          (ACARS IDENTIFICATION)
301065  8 001006 001008 002001 002002 002005 002062 002070 002065

          (ACARS LOCATION)
301066  6 301011 301013 301023 007004 002064 008004

          Ozone instrumentation: Brewer spectrophotometer          !1.9
301070  3 002143 002142 002144

          (SATELLITE IDENTIFIER/GENERATING RESOLUTION)
301071  5 001007 001031 002020 002028 002029

          (SATELLITE IDENTIFICATION)
301072  4 301071 301011 301013 301021

          Ozone instrumentation: Dobson spectrophotometer          !1.9
301074  4 002143 002142 002145 002146

          Sounding identification                                  !1.9
301075  6 301001 001015 301024 008021 301011 301012

          Ozone sounding instrumentation                           !1.9
301076  3 002011 002143 002142

          (National station identification)
301089  2 001101 001102

          (SURFACE STATION IDENTIFICATION; TIME, HORIZONTAL AND VERTIC
301090  6 301004 301011 301012 301021 007030 007031

301091 10 002180 002181 002182 002183 002184 002179 002186 002187 002188 002189

301092  9 001011 001003 002001 301011 301012 301021 007030 007031 033024

301093  3 301036 007030 007031

301110  5 301001 001011 002011 002014 002003

301111  6 301001 001011 002011 002013 002014 002003

301112  5 001006 002011 002013 002014 002003

301113  3 008021 301011 301013

301114  5 301021 007030 007031 007007 033024

301120  4 301001 001094 002011 301121

301121  5 008041 301122 301021 007031 007007

          (DATE/TIME (TO HUNDREDTHS OF SECOND))
301122  7 301011 301012 201135 202130 004006 202000 201000

          (DATE/TIME (TO HUNDREDTHS OF SECOND))
301123 33 102002 008041 001062 301001 001094 002011 001018 001095 025061 025068
001082 001083 001081 002067 002066 002014 025067 025065 025066 002095
002096 002097 002016 002083 002080 002081 001093 002084 002085 002086
002082 008041 301011

          ASCAT header information                                 !ST4
301125  6 001033 001034 025060 001007 002019 001012

301237 11?001007 001012 002021 301011 301012 202131 201138 004006 202000 201000
301023

301238 14?002104 002121 002113 002026 002027 002111 002192 202127 001013 202126
007001 202000 025010 021194

301239  5?002111 002112 021192 021193 021195

301240  5?201131 202129 022021 201000 202000

301241  5?201141 202130 007001 201000 202000

301242  6?021207 021208 021209 021210 021211 021212

          SATELLITE HEADER  (MAY 91)
301247  4?001007 301011 301013 301023

          LASS HEADER  (SECONDS IN HUNDREDTHS)  (JUNE 92)
301248 14?001007 301011 301012 201135 202130 004006 202000 201000 301023 055006
033192 002214 021250 007215

          ANALYSED VALUE (DIFFERENCE: OBSERVED MINUS ANALYSED)
301250  3?008021 004004 008024

          FORECAST VALUE (DIFFERENCE: OBSERVED MINUS BACKGROUND)
301251  4?008021 004004 004024 008024

          MODEL SURFACE & DATA USE  (MAY 91)
301252  7?001031 055001 055002 008204 010001 055003 055011

          ANALYSED VALUE
301253  3?008021 004004 008023

          FORECAST VALUE
301254  4?008021 004004 004024 008023

          (RADIOSONDE FULL HEADER INFORMATION)
302001  4 010004 010051 010061 010063

          (HIGH ALTITUDE STATION)
302002  5 010004 007004 010003 010061 010063

302003  9 011011 011012 012004 012006 013003 020001 020003 020004 020005

          (GENERAL CLOUD INFORMATION)
302004  7 020010 008002 020011 020013 020012 020012 020012

302005  4 008002 020011 020012 020013

302006  4 010004 010051 010062 010063

          (LOW ALTITUDE STATION)
302011  3 302001 302003 302004

          (HIGH ALTITUDE STATION)
302012  3 302002 302003 302004

302013  5 302006 302003 101000 031001 302005

302021  3 022001 022011 022021

302022  3 022002 022012 022022

302023  3 022003 022013 022023

302024  3 302022 101002 302023

          (Pressure data)                                          !ST5
302031  4 302001 010062 007004 010009

          (Temperature and humidity data)                          !ST5
302032  4 007032 012101 012103 013003

          (Visibility data)                                        !ST5
302033  2 007032 020001

          (Precipitation last 24 hours)                            !ST5
302034  2 007032 013023

          (Basic synoptic instantaneous data)                      !ST5
302035  8 302032 302033 302034 007032 302004 101000 031001 302005

          (Clouds with bases below station level)                  !ST5
302036  7 105000 031001 008002 020011 020012 020014 020017

          (ground state, snow depth, ground min temp)              !ST5
302037  3 020062 013013 012113

          (Present and past weather)                               !ST5
302038  4 020003 004024 020004 020005

          (Sunshine data)                                          !ST5
302039  2 004024 014031

          (Precipitation measurement)                              !ST5
302040  4 007032 102002 004024 013011

          (Extreme temperature data)                               !ST5
302041  7 007032 004024 004024 012111 004024 004024 012112

          (Wind data)                                              !ST5
302042 11 007032 002002 008021 004025 011001 011002 008021 103002 004025 011043
011041

          (Basic synoptic period data)                             !ST5
302043  7 302038 101002 302039 302040 302041 302042 007032

          (Evaporation data)                                       !ST5
302044  3 004024 002004 013033

          (Radiation data)                                         !ST5
302045  7 004024 014002 014004 014016 014028 014029 014030

          (Temperature change)                                     !ST5
302046  3 004024 004024 012049

          (Vertical significance)                                  !ST5 and ST6
302047  3 102003 008002 020054

          (Direction and elevation of cloud)                       !ST5
302048  5 005021 007021 020012 005021 007021

302049  7 008002 020011 020013 020012 020012 020012 008002

          (RADIOSONDE SURFACE OBSERVATION)
302050 31 008041 005021 007005 202130 006021 202000 008041 201131 202129 002115
010004 002115 013003 202000 201000 002115 011001 011002 002115 102002
012101 004024 002115 012103 012102 101003 020012 020011 020013 101002
020003

302051 12 010004 010051 007004 010003 012004 012051 012016 012017 013004 102004
008051 008020

302052  7 007032 007033 012101 002039 012102 012103 013003

302053  3 007032 007033 020001

302054  9 302052 302053 007033 302034 007032 302004 101000 031001 302005

302055  8 020031 020032 020033 020034 020035 020036 020037 020038

302056  4 002038 007063 022043 007063

302057  3 302056 302021 302024

302058  8 007032 007033 004024 004024 012111 004024 004024 012112

302059 12 007032 007033 002002 008021 004025 011001 011002 008021 103002 004025
011043 011041

302060  4 302038 302040 302058 302059

          (SHIP "instantaneous" data from VOS)(Validation)
302062 33 302001 302052 302053 007033 101000 031000 302034 007032 020010 008002
020013 104000 031000 020011 020012 020012 020012 101000 031001 302005
008002 101000 031000 302055 101000 031000 302056 101000 031000 302021
101000 031000 302024

          (SHIP "period" data from VOS)(Validation)
302063  8 302038 101000 031000 302040 101000 031000 302058 302064

          (Wind data from VOS)(Validation)
302064 13 007032 007033 002002 008021 004025 011001 011002 008021 103000 031001
004025 011043 011041

302066 16 020023 020024 020027 020054 020023 020027 020054 020025 020026 020027
020040 020066 020027 020021 020067 020027

          (Additional synoptical data)(Validation)
302067 76 008084 001023 004025 002177 101000 031001 020003 103000 031001 005021
020001 005021 101000 031000 302056 103000 031000 033041 020058 022061
101000 031000 302022 101000 031001 302023 103000 031001 020054 020012
020090 004025 011042 104000 031001 008021 004025 011042 008021 112000
031001 008021 004025 008021 004025 011001 011002 008021 004025 011001
011002 008021 004025 106000 031001 004025 004025 008021 004025 020003
008021 113000 031001 004025 004025 008021 004025 005021 005021 020054
020024 020025 020026 020027 020063 008021

          (VISIBILITY DATA)
302069  4 007032 007033 033041 020001

          (WIND DATA)
302070  8 007032 007033 011001 011002 011043 011041 011016 011017

          (WIND DATA FROM ONE-HOUR PERIOD)
302071 14 007032 007033 008021 004025 011001 011002 008021 103002 004025 011043
011041 004025 011016 011017

          (TEMPERATURE AND HUMIDITY DATA)
302072  5 007032 007033 012101 012103 013003

          (CLOUD DATA)
302073  7 020010 105004 008002 020011 020012 033041 020013

          (PRESENT AND PAST WEATHER)
302074  4 020003 004025 020004 020005

          (INTENSITY OF PRECIPITATION, SIZE OF PRECIPITATION ELEMENT)
302075  5 008021 004025 013055 013058 008021

          (PRECIPITATION, OBSCURATION AND OTHER PHENOMENA)
302076  7 020021 020022 026020 020023 020024 020025 020026

          (EXTREME TEMPERATURE DATA)
302077  8 007032 007033 004025 012111 012112 007032 004025 012112

          (STATE OF GROUND AND SNOW DEPTH MEASUREMENT)
302078  4 002176 020062 002177 013013

          (PRECIPITATION MEASUREMENT)
302079  5 007032 002175 002178 004025 013011

          (EVAPORATION MEASUREMENT)
302080  3 002185 004025 013033

          (TOTAL SUNSHINE DATA)
302081  2 004025 014031

          RADIATION DATA
302082  7 004025 014002 014004 014016 014028 014029 014030

          RADIATION DATA
302083  8 004025 008023 010004 011001 011002 012101 013003 008023

          ("Instantaneous" data of sequence 3 07 096)
302084 41 302031 302072 103000 031000 101005 307063 007061 101000 031000 302069
007032 007033 105000 031000 020031 020032 002038 022043 302021 101000
031000 302078 012113 101000 031000 302004 105000 031001 008002 020011
020012 033041 020013 302036 101000 031000 302047 008002 101000 031000
302048

          ("Period" data of sequence 3 07 096)
302085 63 105000 031000 020003 103002 004024 020004 020005 101000 031000 302175
102000 031000 004025 302076 102000 031000 004025 013059 007032 007033
008021 004025 011001 011002 008021 103003 004025 011043 011041 004025
011016 011017 302077 007033 302041 106000 031000 007032 002175 002178
102005 004024 013011 007032 103000 031000 002185 101002 302044 102000
031000 101002 302039 102000 031000 101002 302045 101000 031000 302046
101000 031000 302083

          (Locust information)
302089  8 020101 020102 020103 020104 020105 020106 020107 020108

          (Sea/water temperature high precision)(Validation)
302090  4 002038 007063 022045 007063

302175  5 008021 004025 013155 013058 008021

302205  4?004024 013011 004024 013011

          FIRST ORDER STATISTICS OF P, W, T, U DATA
303001  3 007003 011001 011002

303002  3 007004 011001 011002

303003  4 007004 010003 012001 012003

303004  6 007004 010003 012001 012003 011001 011002

303011  4 007003 008001 011001 011002

303012  4 007004 008001 011001 011002

303013  7 007004 008001 010003 012001 013003 011001 011002

303014  7 007004 008001 010003 012001 012003 011001 011002

303021  4 007004 007004 204007 031021

303022  3 303021 010003 204000

303023  3 303021 012001 204000

303024  3 303021 013016 204000

303025  5 002025 204007 031021 012063 204000

303026  6 007004 008003 204007 031021 012001 204000

303027  5 007004 204007 031021 010003 204000

303031  6 007004 008003 007021 007022 008012 012061

303032  2 020011 020016

303033  2 020010 020016

          (RADIOSONDE DURATION OF FLIGHT AND TERMINATION INFORMATION)
303040 18 008041 004025 004026 301021 301122 201131 202129 025069 007004 013003
202000 201000 002013 012101 010009 102002 008040 035035

303041  8 002152 002023 007004 011001 011002 002153 002154 012071

303050  7 004086 008042 007004 005015 006015 011001 011002

303051  7 004086 008042 007004 005015 006015 011061 011062

303052  7 004086 008042 007009 005015 006015 011001 011002

303053  7 004086 008042 007009 005015 006015 011061 011062

303054 10 004086 008042 007004 010009 005015 006015 012101 012103 011001 011002

303055 10 004086 008042 007009 005015 006015 012101 013009 012103 011001 011002

          (TEMPERATURE, DEW-POINT AND WIND DATA AT A PRESSURE LEVEL WI
304001  5 008003 010004 012001 011001 011002

304002  4 008003 010004 011001 011002

304003  2 008003 012001

304004  4 008003 010004 020010 012001

304005  4 002024 007004 007004 013003

304006  3 014001 014001 014003

          (GOES-I/M INFO)
304011 27 002163 002164 008012 007024 002057 008021 004001 004002 004003 004004
008021 004024 110004 008021 004004 004005 004006 008021 004004 004005
004006 011001 011002 103010 002163 007004 012001

          (LOCATION OF PLATFORM)
304030  3 027031 028031 010031

          (SPEED OF PLATFORM)
304031  3 001041 001042 001043

          (CLOUD FRACTION)
304032  5 002153 002154 020081 020082 020012

          (CLEAR SKY RADIANCE)
304033  8 002152 002166 002167 002153 002154 012075 012076 012063

304034  9 102004 027001 028001 007022 005043 020010 020016 033003 010040

          (Cloud coverage)
304036 12 020082 008012 020082 008012 020081 008003 020081 008003 020081 008003
020081 008003

          (All sky radiance data)
304037 14 002153 002154 012063 008011 012063 008011 012063 008011 008003 012063
008003 012063 008003 012063

304201 13?008022 301241 010050 021198 021201 021202 021203 021207 021208 021209
021210 021211 021212

304202  7?008213 004024 033220 033212 055013 033220 008023

304203 13?001031 055001 055002 008204 008213 004004 008023 011012 004004 008021
004024 008023 008023

304204  8?001031 055001 055002 008213 004004 011012 014004 055013

304205 12?008023 022042 055001 055002 008204 008213 004004 022042 004004 008021
004024 022042

304206  8?001031 033220 033202 033220 033202 055013 011012 011011

304207 13?055001 055002 008204 008213 004004 011012 011011 004004 008021 004024
055003 011012 011011

          TOVS CLOUD TOP DATA  (MAY 91)
304213  3?008003 010004 020010

          TOVS SURFACE DATA  (MAY 91)
304214  5?008003 008012 010001 012061 010004

          TOVS LAYER MEAN TEMPERATURES  (MAY 91)
304215  4?103015 007004 007004 012007

          TOVS PRECIPITABLE WATER CONTENTS  (MAY 91)
304216  4?103003 007004 007004 013016

          TOVS RADIANCES (20TH DIFFERENT WIDTH)  (MAY 91)
304217  7?101019 012062 201132 012062 201000 101007 012062

          SATELLITE TROPOPAUSE  (MAY 91)
304218  3?008003 010004 012001

          LASS SURFACE DATA (T & RH IN HUNDREDTHS)  (JUNE 92)
304220 16?008003 202127 007004 010051 202000 008003 010001 201132 202129 012001
012061 201135 202130 013003 201000 202000

          LASS BRIGHTNESS TEMPERATURES (IN HUNDREDTHS)  (JUNE 92)
304221 11?014193 012156 012157 055007 201132 202129 102023 002217 012063 201000
202000

          LASS TEMPERATURE & RH PROFILES (T & RH IN HUNDREDTHS)  (JUNE 92)
304222 14?106018 007004 201132 202129 012001 202000 201000 106007 007004 201135
202130 013003 202000 201000

          GLOSS TEMPERATURE & RH PROFILES (T & RH IN HUNDREDTHS)  (OCT 92)
304223 14?106018 007004 201132 202129 012001 202000 201000 106007 007004 201136
202130 013003 202000 201000

          GLOSS BRIGHTNESS TEMPERATURES (ONE SET OF 27)  (OCT 92)
304224 14?201132 202129 102019 002217 012063 202000 002217 012063 202129 102007
002217 012063 202000 201000

          GLOSS BRIGHTNESS TEMPERATURES (ALL 4 SETS)  (SEPT 92)
304225 15?008215 008003 010004 020010 304224 008215 304224 008215 304224 025213
055007 055010 012192 008215 304224

          GLOSS CLOUD TOP & SURFACE DATA  (SEPT 92)
304226 16?008003 010004 020010 014193 014194 008003 010004 008204 010001 014193
223002 008024 008023 012001 012061 013003

          LOCATION RELATIVE TO EARTH'S CENTRE  (JUNE 92)
304228  3?005217 006217 007217

          VELOCITY OF PLATFORM RELATIVE TO EARTH'S CENTRE  (JUNE 92)
304229  3?001208 001209 001210

          SADC-HYCOS single measurement                            !1.9
305001  4 011001 011002 013060 013071

          SADC-HYCOS environmental measurement                     !1.9
305002 11 301012 012001 013003 014051 013060 013072 013080 013081 013082 013083
013084

305003  5 301012 004065 101000 031001 305001

          SADC-HYCOS report                                        !1.9
305004  3 301030 305002 305003

305006  6 013072 013082 013019 012001 013073 013060

305007  6 301029 301012 004065 101000 031001 305006

305008  2 305006 012030

305009  6 301029 301012 004065 101000 031001 305008

          MEDHYCOS measurement type 2                              !1.9
305010  3 305008 002091 002091

305011  6 301029 301012 004065 101000 031001 305010

          Meteorological parameters assoc. with hydrological data  !1.9
305016  7 014021 007004 013003 011002 011001 011041 011043

          Water quality measurement                                !1.9
305017  5 013080 013081 013083 013085 013084

305018  8 301029 301012 004065 103000 031001 305008 305016 305017

          (MEDHYCOS REPORT WITH METEOROLOGY AND WATER QUALITY DATA)
306001  5 002032 102000 031001 007062 022042

306002  3 002031 022004 022031

306003  4 002002 011011 011012 012004

306004  7 002032 002033 103000 031001 007062 022043 022062

306005  6 002031 103000 031001 007062 022004 022031

          (UNDER WATER SOUNDING (OPTIONAL) PARAMETERS)
306006  3 306003 306002 022063

          (BUOY SPARE BLOCK PARAMETERS)
306007  6 001012 001014 306008 004024 027003 028003

          (BUOY INSTRUMENTATION PARAMETERS)
306008  3 002034 002035 002036

          (Sequence for representation of tide stn... )(Validation)
306011  5 301021 001075 002147 301011 301013

          (Sequence for representation of sensor type...)(Validation)
306012  4 002007 008015 008032 306029

          (Sequence for representation of water level...)(Validation)
306013 10 306012 301013 022120 022121 004015 004065 102000 031001 022038 022040

          (Sequence for representation of water level...)(Validation)
306014 10 306012 301011 301013 022120 022121 004015 004065 101000 031001 022038

          (Sequence for representation of ancillary ...)(Validation)
306016  5 301011 301013 010004 010051 302032

          (TIDE REPORT IDENTIFICATION, WATER LEVEL CHECKS, TIME INCREM
306019  8 001075 301011 301012 022042 022120 022121 004015 004065

          (MAR 99)
306020  4 306024 102006 022038 022039

          (MAR 99)
306021  7 001075 301011 301012 022122 022123 012001 303002

          (MAR 99)
306022  5 001075 301011 301012 022038 022039

306023  8 001015 301023 301011 301012 022038 022039 022120 022121

          (MAR 99)
306024  8 001075 301011 301012 022042 022120 022121 004025 004015

          (Sequence for representation of DART buoy ...)
306027  5 001005 001052 002047 301011 301013

          (Sequence for representation of time of observation ...)
306028  4 306027 301011 301013 301021

          (Sequence for representation of tsunameter ...)
306029  3 025170 025171 025172

          (... DART buoy standard hourly report)
306030 15 306027 306029 111000 031001 033002 301011 301013 025025 025025 025026
022185 004015 004065 101004 022182

          (... DART buoy tsunami event reports and extended ...)
306031 15 306027 306029 111000 031001 033002 301011 301013 025025 025025 025026
022185 004015 004065 101004 022182

          (Buoy data including directional and ...)(Validation)
306032  8 002032 002033 103000 031001 007062 022043 022062 022066

          (LOW ALTITUDE STATION)
307001  2 301031 302011

          (LOW ALTITUDE STATION)
307002  2 301032 302011

          (LOW ALTITUDE STATION)
307003  4 307001 101000 031001 302005

          (LOW ALTITUDE STATION)
307004  4 307002 101000 031001 302005

          (LOW ALTITUDE STATION)
307005  3 307001 101004 302005

          (LOW ALTITUDE STATION)
307006  3 307002 101004 302005

          (HIGH ALTITUDE STATION)
307007  2 301031 302012

          (HIGH ALTITUDE STATION)
307008  2 301032 302012

          (HIGH ALTITUDE STATION)
307009  2 301031 302013

          (MAIN PART OF DATA FOR REPRESENTATION OF METAR/SPECI CODE IN
307011 16 001063 002001 301011 301012 301024 007006 011001 011016 011017 011002
011041 007006 012001 012003 010052 020009

          (DVVVVV)
307012  5 103000 031001 008023 005021 020001

          (DRDRVRVRVRVR)
307013  8 106000 031001 001064 008014 020061 008014 020061 020018

          (WW)
307014  3 101000 031001 020019

          (CLOUDS GROUP(S))
307015  4 101000 031001 302005 020002

          (REWW)
307016  3 101000 031001 020020

          (WIND SHEAR ON RUNWAYS(S))
307017  3 101000 031001 011070

          CHANGE IS EXPECTED (FM, TL, AT)
307018 16 008016 102000 031001 008017 301012 104000 031001 007006 011001 011002
011041 020009 101000 031001 020001 307014

          (SHORT METAR/SPECI)
307020  3 307011 307014 307016

          (TOTAL SEQUENCE FOR REPRESENTATION OF METAR/SPECI CODE IN BU
307021  9 307011 307012 307013 307014 307015 307016 307017 307018 307015

          (GROUND-BASED GNSS DATA)
307022 31 001015 301011 301012 301022 008021 004025 010004 012001 013003 033038
008022 106025 002020 001050 005021 007021 015031 015032 008060 015033
015034 008060 015033 015034 015035 201131 202129 013016 202000 201000
015011

          Ozone data (single observation)                          !1.9
307030  2 015001 015002

          Ozone data (averaged observation)                        !1.9
307031  7 008022 008023 015001 008023 015001 008023 015002

          Total ozone from Brewer spectrophotometer (single)       !1.9
307041  7 301001 001015 301024 301011 301012 301070 307030

          Total ozone from Brewer spectrophotometer (averaged)     !1.9
307042  9 301001 001015 301024 301011 301012 008021 004025 301070 307031

          Total ozone from Dobson spectrophotometer (single)       !1.9
307043  7 301001 001015 301024 301011 301012 301074 307030

          Total ozone from Dobson spectrophotometer (averaged)     !1.9
307044  9 301001 001015 301024 301011 301012 008021 004025 301074 307031

          Main part of METAR and SPECI
307045 27 001063 008079 002001 301011 301012 301023 007030 007031 007032 011001
011016 011017 008054 011083 011084 011002 008054 011085 011086 011041
008054 007032 012023 012024 007032 010052 020009

          Metar and Speci visibility
307046  5 020060 102000 031001 005021 020059

          METAR SPECI and TAFS clouds
307047  9 105000 031001 008002 020011 020012 020013 020092 020002 020091

          Trend type forecast
307048 25 008016 102000 031001 008017 301012 112000 031000 007032 011001 008054
011083 011084 011002 008054 011085 011086 011041 008054 007032 020009
101000 031000 020060 307014 307047

          Sea Conditions WTsTs/SS
307049  4 102000 031000 022043 022021

          Runway state
307050 14 101000 031000 020085 102000 031001 001064 020085 105000 031001 001064
020086 020087 020088 020089

          Main part of METAR and SPECI data
307051 12 307045 307046 307013 307014 307047 307016 307017 307049 307050 101000
031001 307048

          Aerodrome dorecast identification and time interval
307052 14 001063 008039 301011 301012 008079 008039 301011 301012 008039 301011
301012 301023 007030 007031

          Forecast weather at an aerodrome
307053 16 007032 011001 008054 011083 011084 011002 008054 011085 011086 011041
008054 007032 020009 020060 307014 307047

          Forecast of extreme temperatures
307054 13 007032 008039 004003 004004 008023 012023 008039 004003 004004 008023
012023 008023 007032

          Change indicator and forecast changes
307055  9 033045 008016 008039 004003 301012 008039 004003 301012 307053

          Aerodrome forecast - full TAF
307056  6 307052 307053 307054 101000 031001 307055

          Soil temperature below land surface                      !1.9
307060  2 007061 012030

          Soil temperature data at <6 depths (lat/long scale=5)    !1.9
307061  3 301031 101005 307060

          Soil temperature data at <6 depths (lat/long scale=2)    !1.9
307062  3 301032 101005 307060

          Soil temperature below land surface (scale=2)            !1.9
307063  2 007061 012130

          (Monthly values of a land station)
307071 67 301090 004074 004023 008023 010004 010051 007004 010009 007032 012101
002051 004051 012118 004052 012119 013004 008023 012151 007032 102005
008050 008020 014032 014033 008050 008020 102018 008052 008022 007032
008053 004003 012152 008053 004003 012153 008053 004003 008023 012101
008053 004003 008023 012101 008023 007032 002002 008053 004003 011046
008053 004003 004004 004023 007032 013060 013051 004053 008050 008020
102006 008052 008022 008053 004003 013052 007032

307072 38 004001 004001 004002 004003 004004 004074 004022 008023 010004 010051
007004 010009 007032 012101 002051 004051 012118 004052 012119 013004
012151 007032 014032 008023 004001 004001 004002 004003 004004 004022
007032 008023 013060 004053 008023 102008 008050 008020

307073  2 307071 307072

          (Sequence for representation of synoptic reports ...)
307079 30 301090 302031 302035 302036 101000 031000 302047 008002 101000 031000
302048 302037 102000 031000 022061 020058 101000 031000 302056 101000
031000 302055 302043 302044 101000 031001 302045 101000 031000 302046

          Reports from fixed land stations suitable for Synop data !ST5
307080 13 301090 302031 302035 302036 302047 008002 302048 302037 302043 302044
101002 302045 302046

307081 24 301090 302031 302035 302036 302047 008002 302048 302037 012122 013056
013057 020101 020102 020103 020104 020105 020106 020107 020108 302043
302044 101002 302045 302046

307082 15 301090 302031 302035 302036 302047 008002 302048 302037 012121 012122
302043 302044 101002 302045 302046

307083 14 301090 302031 302035 302036 302047 008002 302048 302037 012122 302043
302044 101002 302045 302046

307084 17 301090 302031 302035 302036 302047 008002 302048 302037 020055 101000
031001 205001 302043 302044 101002 302045 302046

307086 11 301090 302031 302035 302036 008002 302037 302066 302043 302044 101002
302045

          (SEQUENCE FOR REPRESENTATION OF SYNOPTIC REPORTS FROM A MOBI
307090 13 301092 302031 302035 302036 302047 008002 302048 302037 302043 302044
101002 302045 302046

          (...  surface observations from one-hour period with ...)
307091 66 301089 301090 008010 301091 302001 007004 010009 302072 103000 031000
101005 307063 007061 101000 031000 302069 007032 007033 105000 031000
020031 020032 002038 022043 302021 101000 031000 302078 101000 031000
302073 101000 031000 302074 101000 031000 302175 102000 031000 004025
302076 302071 302077 007033 101000 031000 302079 007032 101000 031000
302080 101000 031000 302081 101000 031000 302082 102000 031000 004025
013059 101000 031000 302083 033005 033006

          (... surface observations from n-minute period ...)(Validation)
307092 67 301089 301090 008010 301091 004015 004065 130000 031001 010004 302070
302072 103000 031001 007032 008010 012120 007032 008010 103000 031000
101005 307063 007061 101000 031000 302069 007032 007033 101000 031000
302073 101000 031000 302076 102000 031000 013155 013058 102000 031000
020031 020032 101000 031000 302078 102000 031000 302079 007032 101000
031000 302080 101000 031000 302081 101000 031000 302082 102000 031000
004025 013059 101000 031000 302083 033005 033006

          (Nominal values)(Validation)
307093 21 223000 236000 101000 031001 031031 001033 001032 008083 101000 031001
223255 108000 031001 223000 237000 001033 001032 008083 101000 031001
223255

          (... SYNOP with supplementary information on one-hour observations)
307096  8 301090 301089 008010 301091 302084 302085 033005 033006

          GNSS (GROUND-BASED GPS) DATA  (OCT 02) !1.8
307193 30 001015 301011 301012 301022 004015 010004 012001 013003 033194 008022
106025 002020 001050 005021 007021 021218 021219 008060 021220 021221
008060 021220 021221 021222 201131 202129 013016 202000 201000 015011

          (BUOY/PLATFORM  FIXED)
308001  3 301033 302011 022042

          (BUOY/PLATFORM  FIXED)
308002  3 301034 302011 022042

          (BUOY/PLATFORM  MOVING)
308003  3 301035 302011 022042

          (SHIP)
308004  3 301036 302011 022042

          (SHIP)
308005  2 308004 302024

          (BUOY SECTION 1 OPTIONAL PARAMETERS)
308006  8 010004 010061 010063 011001 011002 012004 013003 022042

308007  4 301055 302011 007062 022042

          (Report from a buoy observation)(Validation)
308008  3 301093 302062 302063

308009  7 301093 302001 302054 008002 302055 302057 302060

308010 16 001011 113000 031001 301011 301012 301021 004080 022049 004080 022059
004080 022005 002042 022032 002042 004080

308011 27 001011 002001 301011 301012 301023 007030 007031 004074 004023 008023
010051 007032 007033 012101 013004 007032 007033 302056 008023 004003
004004 004023 007032 013060 013051 004053 007032

308012 28 004001 004001 004002 004003 004004 004074 004022 008023 010051 007032
007033 012101 013004 007032 007033 302056 008023 004001 004001 004002
004003 004004 004022 007032 008023 013060 004053 008023

          (REPRESENTATION OF CLIMAT SHIP DATA OF THE ACTUAL MONTH AND
308013  2 308011 308012

          (... sea station suitable for SHIP observation ...)(Validation)
308014  3 301093 302062 302063

          (Template for WAVEOB data expressed ...)(Validation)
308015 49 001003 001020 001005 001011 001007 001001 001002 002044 002045 301011
301012 301021 022063 105002 002046 022070 022071 022073 022074 002046
022076 022077 022094 025043 022078 121000 031001 002046 022082 022084
116000 031001 022080 022085 022086 022087 022088 022089 103000 031001
022090 022186 022187 103000 031001 022092 022186 022187 002046

          (Template for WAVEOB data expressed as the wave ...)(Validation)
308016 49 001003 001020 001005 001011 001007 001001 001002 002044 002045 301011
301012 301021 022063 105002 002098 022070 022072 022073 022075 002046
022076 022077 022094 025044 022079 121000 031001 002046 022083 022084
116000 031001 022081 022085 022086 022087 022088 022089 103000 031001
022091 022186 022187 103000 031001 022093 022186 022187 002046

          (VERTICAL WIND PROFILE)
309001  4 301037 101000 031001 303011

          (VERTICAL WIND PROFILE)
309002  4 301038 101000 031001 303011

          (VERTICAL WIND PROFILE)
309003  4 301037 101000 031001 303012

          (VERTICAL WIND PROFILE)
309004  4 301038 101000 031001 303012

          (VERTICAL SOUNDING WITH RELATIVE HUMIDITY)
309005  5 301037 302004 101000 031001 303013

          (VERTICAL SOUNDING WITH RELATIVE HUMIDITY)
309006  5 301038 302004 101000 031001 303013

          (VERTICAL SOUNDING WITH DEW-POINT DATA)
309007  5 301037 302004 101000 031001 303014

          (VERTICAL SOUNDING WITH DEW-POINT DATA)
309008  5 301038 302004 101000 031001 303014

          (VERTICAL WIND PROFILE)
309011  4 301039 101000 031001 303011

          (VERTICAL WIND PROFILE)
309012  4 301039 101000 031001 303012

          (VERTICAL SOUNDING WITH RELATIVE HUMIDITY)
309013  5 301039 302004 101000 031001 303013

          (VERTICAL SOUNDING WITH DEW-POINT DATA)
309014  5 301039 302004 101000 031001 303014

          (VERTICAL WIND PROFILE)
309015  4 301040 101000 031001 303011

          (VERTICAL WIND PROFILE)
309016  4 301040 101000 031001 303012

          (VERTICAL SOUNDING WITH RELATIVE HUMIDITY)
309017  5 301040 302004 101000 031001 303013

          (VERTICAL SOUNDING WITH DEW-POINT DATA)
309018  5 301040 302004 101000 031001 303014

          (WIND PROFILER  WIND DATA SOUNDING)
309019  5 301031 002003 101000 031001 303011

          (WIND PROFILER  CARTESIAN COORDINATES)
309020  8 301031 002003 104000 031001 007003 011003 011004 011005

          (OZONE SONDE FLIGHT DATA) (SEE NOTE BELOW)
309030  8 015004 015005 104000 031001 004015 008006 007004 015003

309031  8 015004 015005 104000 031001 004025 008006 007004 015003

          Ozone sounding without ground-based spectrophotometer    !1.9
309040  3 301075 301076 309030

          Ozone sounding from Brewer spectrophotometer (single)    !1.9
309041  4 307041 301075 301076 309030

          Ozone sounding from Brewer spectrophotometer (averaged)  !1.9
309042  4 307042 301075 301076 309030

          Ozone sounding from Dobson spectrophotometer (single)    !1.9
309043  4 307043 301075 301076 309030

          Ozone sounding from Dobson spectrophotometer (averaged)  !1.9
309044  4 307044 301075 301076 309030

309050  9 301110 301113 301114 101000 031002 303050 101000 031001 303051

309051  9 301110 301113 301114 101000 031002 303052 101000 031001 303053

309052 11 301111 301113 301114 302049 022043 101000 031002 303054 101000 031001
303051

309053  9 301112 301113 301114 101000 031002 303054 101000 031001 303051

309054 27 301001 001011 301011 301012 301021 007030 007031 007007 004023 004059
115000 031001 008001 008023 007004 010009 012101 012103 008023 011001
011002 008023 011019 008050 008020 008050 008020

309060  4 301123 301121 302050 303040

309061 21 301120 008041 301122 201131 202129 025069 007004 202000 201000 033007
033035 033015 013009 033007 033035 033015 002013 012101 033007 033035
033015

309062 19 301120 008041 301122 005001 033035 033015 006001 033035 033015 007007
033035 033015 011003 033035 033015 011004 033035 033015 033007

          (RAW GPS SMOOTHED WIND)
309063 19 301120 008041 301122 005001 033035 033015 006001 033035 033015 007007
033035 033015 011003 033035 033015 011004 033035 033015 033007

309064 26 301120 008041 301122 201131 202129 104002 025069 007004 033035 033015
013003 033035 033015 202000 201000 104002 002013 012101 033035 033015
012103 033035 033015 010009 033035 033015

          (PROCESSED GPS)
309065 18 301120 008041 301122 005001 033035 033015 006001 033035 033015 007007
033035 033015 011003 033035 033015 011004 033035 033015

          (STANDARD AND SIGNIFICANT LEVELS)
309066 18 301120 008041 301122 008040 201131 202129 025069 007004 013003 202000
201000 002013 012101 012103 010009 010007 011002 011001

          (Vertical profile for numerical weather prediction data)(Validation)
309070 51 001035 001032 001015 001062 301001 301021 207001 010001 207000 301011
301012 008086 007030 025031 008021 004014 010004 010051 010009 020010
013095 128000 031002 113000 031000 008086 007004 011001 011002 012101
012102 012103 010009 103000 031000 011022 011021 011005 104000 031000
008086 007006 011001 011002 105000 031000 008086 007006 012101 012102
012103

          (SATELLITE  BRIGHTNESS TEMPERATURE)
310001  5 301042 303031 303032 101026 303025

          (SATELLITE  LOW LEVEL)
310002  5 301042 303031 303032 101009 303023

          (SATELLITE  HIGH LEVEL)
310003  5 301042 303031 303032 101006 303023

          (SATELLITE  PRECIPITABLE WATER)
310004  5 301042 303031 303032 101003 303024

310005  6 301042 303031 303033 101000 031001 303025

310006  6 301042 303031 303033 101000 031001 303023

310007  6 301042 303031 303033 101000 031001 303024

          (ATOVS HIRS REPORT)
310008  8 310011 101019 310012 002150 025079 025080 033032 014045

          (ATOVS AMSU-A REPORT)
310009  3 310011 101015 310012

          (ATOVS AMSU-B REPORT)
310010  3 310011 101005 310012

          (ATOVS FIELD OF VIEW VARIABLES)
310011 45 008070 001033 001034 008070 001033 001034 001007 002048 005040 025075
201133 005041 201000 005043 025070 033030 033031 004001 004002 004003
004004 004005 202131 201138 004006 201000 202000 005001 006001 202126
007001 202000 007024 005021 007025 005022 033033 002151 012064 002151
012064 002151 012064 002151 012064

          (ATOVS CHANNEL VARIABLES)
310012 10 002150 025076 025077 025078 033032 201132 202129 012063 202000 201000

          (AVHRR (GAC) REPORT)
310013 62 001007 005040 004001 004002 004003 004004 004005 004006 005001 006001
007025 005043 025085 201131 202129 002150 008023 008072 014027 008072
014027 002150 008023 008072 014027 008072 014027 002150 008023 008072
014027 008072 014027 202000 201000 201132 202129 002150 008023 008072
012063 008072 012063 002150 008023 008072 012063 008072 012063 008023
008072 012063 008072 012063 002150 008023 008072 012063 008072 012063
202000 201000

          (SATELLITE  GEOSTATIONARY WIND DATA)
310014  3 301072 303041 304011

          (METEOSAT RADIANCE DATA)
310015 13 301072 007024 010002 303041 101003 304032 002152 002024 007004 007004
013003 101003 304033

          (METEOSAT SECOND GENERATION (MSG) RADIANCE DATA)
310016 13 301072 007024 010002 303041 101012 304032 002152 002024 007004 007004
013003 101012 304033

          (Ozone data)
310018 41 001007 005040 004001 004043 004004 004005 004006 207002 026030 207000
005002 006002 033072 007025 005022 207002 015001 207000 008003 207001
010004 207000 008003 008003 033042 207001 007004 207000 207002 015001
207000 008003 207002 020081 207000 020065 008029 207004 015030 207000
008075

          (Ozone data)
310019 68 001007 002019 301011 301013 301023 007025 008021 007025 008021 007025
008021 008029 005040 008075 008003 010004 008003 207002 015001 207000
033070 015030 207002 020081 207000 008003 033042 007004 207002 015001
207000 008003 113021 007004 007004 207002 008021 015005 008021 015005
033007 207000 008026 101020 025143 008026 008043 109015 007004 008090
207006 015008 207000 008090 207002 033007 207000 008043 033071 108008
202124 201107 002071 201000 202000 207002 020081 207000

          (RETRIEVED OZONE DATA)
310020  6 310022 301011 301013 301021 304034 310021

310021 10 108000 031001 201131 202129 007004 007004 202000 201000 015020 010002

310022  4 001007 002019 001033 002172

          (GEOSTATIONARY MULTI-CHANNEL SATELLITE RADIANCE DATA)
310023 17 301072 030021 030022 008012 007024 007025 010002 101012 304032 105002
002152 002024 007004 007004 013003 101012 304033

          (GEOSTATIONARY THREE-CHANNEL SATELLITE RADIANCE DATA)
310024 17 301072 030021 030022 008012 007024 007025 010002 101003 304032 105002
002152 002024 007004 007004 013003 101003 304033

310025 61 001007 008021 004001 004002 004003 004004 004005 201138 202131 004006
202000 201000 201132 005041 201000 201129 005043 201000 005002 006002
013040 020029 104024 005042 012163 021083 021084 115003 004001 004002
004003 201142 202131 004026 202000 201000 005001 006001 201138 202129
007001 202000 201000 008021 004001 004002 004003 004004 004005 005040
101003 012070 025054 101004 025055 008007 104028 005002 006002 002111
005021

310026 82 310022 025060 008021 301011 301012 201138 202131 004006 202000 201000
033039 033007 304030 304031 002020 001050 202127 304030 202000 304031
201133 202131 004016 202000 201000 301021 304030 010035 005021 010036
113000 031002 301021 005021 108000 031001 002121 007040 015037 008023
201125 015037 201000 008023 033007 108000 031002 007007 015036 008023
201123 015036 201000 008023 033007 116000 031002 007009 010004 012001
013001 008023 201120 010004 201000 201122 012001 201000 201123 013001
201000 008023 033007 008003 007009 010004 008023 201120 010004 201000
008023 033007

          (All sky radiance product main sequence)
310028 12 301071 301011 301013 301021 030021 030022 010002 304036 002152 002167
101011 304037

          (LAYER, OZONE, HEIGHT, TEMPERATURE AND WATER VAPOUR)
310029 12 110000 031001 201138 202130 007004 007004 202000 201000 015020 010002
012101 013098

          (MIPAS OR GOMOS INSTRUMENTS REPORTING)
310030  6 310022 301011 301013 301021 304034 310029

          (SATELLITE COLLOCATED 1C REPORTS WITH 3 INSTRUMENTS)
310050 14 310051 310052 101000 031002 310053 101004 310054 020010 310052 101015
310053 310052 101005 310053

          (SATELLITE POSITION AND INSTRUMENT TEMPERATURES)
310051 16 001007 005040 201133 005041 201000 201132 025070 201000 202126 007001
202000 007025 005022 102009 002151 012064

          (SATELLITE INSTRUMENT TYPE AND POSITION)
310052 12 002019 301011 301012 202131 201138 004006 201000 202000 301021 007024
005021 005043

          (SATELLITE CHANNELS AND BRIGHTNESS TEMPERATURES WITH EXPANDE
310053  6 201134 005042 201000 025076 033032 012163

          (SATELLITE VISIBLE CHANNELS AND ALBEDOS WITH EXPANDED CHANNE
310054 13 201134 005042 201000 025076 033032 201131 202129 102002 008023 014027
008023 202000 201000

          (SATELLITE RADIANCE/CHANNEL PRINCIPLE COMPONENTS)
310055  8 310051 310052 102020 025076 025052 101000 031002 025050

          (CrIS (Cross-Track Infrared Sounder) radiance data)
310060 53 001007 001033 002019 002020 301011 301012 207003 004006 207000 304030
301021 007024 005021 007025 005022 008075 201133 005041 201000 005045
005043 005040 010001 201129 007002 201000 202127 201125 021166 201000
202000 008012 020010 020014 002165 033075 107003 008076 006029 006029
025140 025141 033076 033077 008076 033078 033003 104000 031002 201133
005042 201000 014044

          (ATMS (Advanced Technology Microwave Sounder) data)
310061 38 001007 001033 001034 002019 002020 301011 301012 207003 004006 207000
005040 005041 005043 033079 033080 033078 301021 201129 007002 201000
007024 005021 007025 005022 025075 111000 031002 005042 202131 002153
002154 202000 002104 012066 012163 012158 012159 033081


          (VIIRS (Visible/Infrared Imager Radiometer Suite) data)
310062 34 001007 001033 001034 002019 002020 301011 301012 207003 004006 207000
005040 201133 005041 005043 201000 008076 033082 301021 201129 007002
201000 007024 005021 007025 005022 008072 008029 105000 031002 005042
002155 033083 014043 015042

          GNSS RADIO OCCULTATION (NOV 01)  (ICT 02) !1.8
310193 56 001007 002048 304030 304031 002020 001050 202127 304030 202000 304031
021230 021231 008021 301011 301012 201138 202131 004006 202000 201000
201133 202131 004026 202000 201000 301023 008003 304030 028192 113200
201133 202131 004026 202000 201000 301023 021233 002121 021233 007201
002121 021233 007201 001033 008021 004003 004004 004024 107150 007007
007004 012001 013004 021234 008215 012001

          START OF TOVS MESSAGE  (MAY 91)
310197  4?301247 007022 002025 002022

          COMPLETE TOVS MESSAGE  (MAY 91)
310198 12?310197 008003 015001 304213 304214 008003 304215 008003 304216 008003
304217 304218

          TOVS MESSAGE WITH Q/C  (JUNE 91)
310199 15?310197 015001 304213 304214 223004 055013 301250 301251 008023 304215
304216 223000 304217 304218 301252

          LASS MODEL INPUT  (JUNE 92)
310200 16?001031 055001 008021 004024 055005 004024 055005 304220 014193 201132
202129 101023 012063 202000 201000 304222

          LASS REPORT WITHOUT MODEL OUTPUT DATA  (JUNE 92)
310201  5?301248 304220 304221 304222 310200

          LASS REPORT WITH MODEL OUTPUT DATA  (JUNE 92)
310202 12?301248 304220 304221 223004 055013 301250 301251 008023 304222 223000
310200 301252

          GLOSS MESSAGE  (OCT 92)
310203 12?301247 007022 002022 015001 304225 304226 223004 055012 008024 008024
008023 304223

          TOVS PROFILE (WITH "BOX NUMBER" INSERTED, MARCH 2000)    !1.6
310208 13?310197 027020 008003 015001 304213 304214 008003 304215 008003 304216
008003 304217 304218

          (AIRCRAFT REPORTS)
311001  9 301051 007002 012001 011001 011002 011031 011032 011033 020041

          (ACARS REPORTS)
311002  4 301065 301066 311003 311004

          (ACARS STANDARD REPORTED VARIABLES)
311003  5 010070 011001 011002 012001 013002

          (ACARS SUPPLEMENTARY REPORTED VARIABLES)
311004 18 101000 031000 011034 101000 031000 011035 101000 031000 011075 101000
031000 011076 101000 031000 033025 101000 031000 033026

311005 13 001008 001023 301021 301011 301013 007010 008009 011001 011002 011031
011036 012101 033025

311006  6 007010 011001 011002 002064 012101 012103

311007  7 007010 301021 011001 011002 002064 012101 012103

311008  8 001008 301011 301013 301021 008004 101000 031001 311006

311009  8 001008 301011 301013 301021 008004 101000 031001 311007

          (BUFR template for AMDAR, 3 11 010, version 6)(Validation)
311010 85 001008 001023 001006 001110 001111 001112 204002 031021 301011 301013
301021 007010 010053 008009 011001 011002 002064 011100 011101 011102
011103 011104 012101 002170 201138 202131 013002 202000 201000 201135
202130 013003 202000 201000 101000 031000 012103 033026 101000 031000
020042 103000 031000 020043 020044 020045 101000 031000 033025 103000
031001 011075 011076 011039 102000 031000 011037 011077 103000 031000
011034 011035 011036 204000 119000 031001 301011 301013 301021 007007
011105 204007 031021 011076 011075 204000 011106 011107 011108 011109
012101 011001 201130 011084 201000

          AMDAR WITH MODEL VALUES: WIND & TURBULENCE  (MARCH 93)
311192 11?223004 055013 301253 301254 008023 011001 011002 223000 011034 011035
011031

          AMDAR WITH MODEL VALUES: TEMPERATURE & HUMIDITY  (MARCH 93)
311193 12?002005 223004 055013 301250 301251 008023 012001 223000 012003 013003
020041 301252

          AMDAR WITH MODEL VALUES: FULL MESSAGE  (MARCH 93)
311194 16?001031 001008 001006 002061 002062 002063 301011 301012 002070 301023
007002 007004 008004 002002 311192 311193

          (AIRCRAFT ASCENT/DESCENT PROFILE WITH LATITUDE/LONGITUDE GIV
312001  2 301043 304001

312002  2 301043 304002

312003  2 301042 304003

312004  2 301042 304004

312005  2 301042 020014

312006  2 301044 304005

312007  2 301042 304006

          (ORBITAL INFORMATION, PART I)
312010  6 001007 005040 002021 005041 004001 004043

          (ORBITAL INFORMATION, PART II)
312011  9 202131 201149 004006 201000 202126 010002 202000 005043 005053

          (HIRS BRIGHTNESS TEMPERATURES  CHANNELS 119)
312012  6 202129 201132 101019 012063 201000 202000

          (HIRS BRIGHTNESS TEMPERATURES  CHANNEL 20)
312013  6 005042 202129 201135 012063 201000 202000

          (HIRS SATELLITE DATA)
312014  8 312010 312011 105056 301023 005042 005052 312012 312013

          (MSU BRIGHTNESS TEMPERATURES  CHANNELS 14)
312015 10 109011 301023 005042 005052 202129 201132 101004 012063 202000 201000

          (MSU SATELLITE DATA)
312016  3 312010 312011 312015

          (SSU BRIGHTNESS TEMPERATURES  CHANNELS 13)
312017 10 109008 301023 005042 005052 202129 201132 101003 012063 202000 201000

          (SSU SATELLITE DATA)
312018  3 312010 312011 312017

          (WAVE SCATTEROMETER PRODUCT WITH WIDTH CHANGE FOR WAVE NUMBE
312019 13 301047 301048 015015 029002 021076 106012 201129 006030 201000 102012
005030 021075 021066

          (WAVE SCATTEROMETER PRODUCT)
312020 11 301047 301048 015015 029002 021076 104012 006030 102012 005030 021075
021066

          (WIND SCATTEROMETER PRODUCT)
312021  6 301047 101003 301049 011012 011011 021067

          (RADAR ALTIMETER PRODUCT)
312022 15 301047 008022 011012 011050 022070 022026 312041 010050 021068 021071
021072 021073 312042 021062 015011

          (ATSR SEA SURFACE TEMPERATURE PRODUCT)
312023  7 301047 103003 008022 012061 022050 021069 021085

          (WAVE SCATTEROMETER PRODUCT ENHANCED)
312024 11 312020 008060 008022 008060 008022 025014 022101 022097 022098 022099
022100

          NUMBER (SPECTRAL)
312025 11 312019 008060 008022 008060 008022 025014 022101 022097 022098 022099
022100

          (QUIKSCAT DATA)
312026 19 301046 301011 301013 301023 312031 101004 312030 021110 301023 321027
021111 301023 321027 021112 301023 321027 021113 301023 321027

          (ATSR SST PRODUCT (SADIST-2))
312027  9 301047 105009 301023 007021 012061 007021 012061 021085 021070

          (SEAWINDS QUIKSCAT DATA)
312028 26 301046 301011 301013 301023 008025 201136 004006 201000 312031 312032
101004 312030 101002 312033 021110 301023 321028 021111 301023 321028
021112 301023 321028 021113 301023 321028

          (SEAWINDS QUIKSCAT DATA)
312030 13 201130 202129 011012 202000 201000 011052 201135 202130 011011 202000
201000 011053 021104

312031  8 005034 006034 021109 011081 011082 021101 021102 021103

312032  4 021120 021121 013055 021122

312033  4 002104 008022 012063 012065

          (ALTITUDE)
312041  5 201141 202130 007001 201000 202000

          (ALTITUDE CORRECTIONS)
312042  6 021077 021078 021079 021080 021081 021082

          (AATSR SEA SURFACE TEMPERATURES)
312045 21 001007 002019 001096 025061 005040 301011 301013 301021 007002 012180
012181 012182 012183 012184 012185 002174 021086 012186 021087 012187
033043

          (MERIS INSTRUMENT REPORTING)
312050 23 001007 002019 001096 025061 005040 301011 301013 301021 007025 005022
010080 027080 008003 007004 013093 008003 201131 202129 007004 007004
202000 201000 013095

          (OCEAN CROSS SPECTRA  WVS)
312051 48 001007 002019 001096 025061 005040 008075 301011 301013 301021 001012
201131 001013 201000 010032 010033 010034 007002 008012 025110 025111
025102 002104 025103 025104 025105 025106 025107 025108 002111 002121
002026 002027 021130 021131 021132 021133 021064 025014 021134 107018
005030 105024 201130 006030 201000 021135 021136 033044

          (RA2- RADAR ALTIMETER-2)
312052 77 001007 002019 001096 025061 005040 025120 025121 025124 025125 025122
025123 301011 301013 301021 007002 002119 033047 010081 010082 010083
010084 002116 002117 002118 002156 002157 014055 022150 022151 022152
022153 022154 022155 022156 022157 022158 022159 021137 021138 021139
021140 021141 021142 010085 010086 010087 010088 010089 010090 010091
010092 010093 011002 025126 025127 025128 025129 025130 025131 025132
025133 025134 025135 025136 025137 013096 013097 011095 011096 012188
012189 002158 002159 033052 033053 021143 021144

          (OCEAN WAVE SPECTRA)
312053 54 001007 002019 001096 025061 005040 008075 301011 301013 301021 001012
201131 001013 201000 010032 010033 010034 007002 008012 025110 025111
025102 002104 025103 025104 025105 025106 025107 025108 011001 011002
022160 025138 201130 202129 022021 202000 201000 033048 033049 002026
002027 021130 021131 021132 021133 025014 106036 005030 104024 201130
006030 201000 022161 033044

          ASCAT level 1b cell information                          !ST4
312055  5 005033 005040 006034 010095 021157

          Scatterometer wind cell information                      !ST4
312056 11 025060 001032 011082 011081 020095 020096 021155 201133 021101 021102
201000

          Ambiguous wind data                                      !ST4
312057 12 201130 202129 011012 202000 201000 201131 202129 011011 202000 201000
021156 021104

          ASCAT level 1b data                                      !ST4
312058  8 301125 301011 301013 301021 312055 021150 101003 321030

          Scatterometer wind data                                  !ST4
312059  4 312056 101000 031001 312057

          Scatterometer soil moisture data                         !ST4
312060 20 025060 025062 040001 040002 021062 021151 021152 021153 021154 021062
021088 040003 040004 040005 040006 040007 020065 040008 040009 040010

          ASCAT level 1b and level 2 data                          !ST4
312061  3 312058 312060 312059

          (SMOS data)
312070  3 312058 312060 312059

312200 10?301237 301238 029002 021206 104012 006232 102012 005232 021205 021196

312201  6?301237 101003 301239 011012 011011 021197

312202 13?301237 008022 011012 011050 301240 022243 301241 010050 021198 021201
021202 021203 301242

312203  8?301237 008022 012061 022050 021204 021199 021214 021215

312204 12?312201 001031 011012 011011 021200 021213 004004 008021 004024 055003
011012 011011

312205  9?301237 304201 011050 022243 223002 304202 304203 011012 301240

312206  3?312203 304204 304205

312207 10?301237 101003 301239 304206 021197 055014 304206 021200 021213 304207

          URA PRODUCT WITH ORBIT COORDS ADDED (JUNE 92)
312210 13?312202 021192 015202 301011 004004 004005 201138 202131 004006 201000
202000 304228 304229

          UAT PRODUCT WITH HEAT FLUXES IN MODEL VALUES (JULY 93)
312211  8?312203 304204 014195 014196 014197 014198 014199 304205

          (RADAR REFLECTIVITY VALUES)
313009  4 021001 101000 031001 021001

          (RADAR RAINFALL INTENSITIES)
313010  4 021036 101000 031001 021036

          (NON RUN-LENGTH ENCODED ROW FOR PIXEL VALUE (4 BITS))
313031  5 006002 006012 101000 031002 030001

          (NON RUN-LENGTH ENCODED PICTURE DATA FOR PIXEL VALUE (4 BITS
313032  5 005002 005012 101000 031002 313031

          (RUN-LENGTH ENCODED ROW FOR PIXEL VALUE (4 BITS))
313041 13 006002 110000 031001 104000 031001 006012 101000 031012 030001 006012
101000 031001 030001

          (RUN-LENGTH ENCODED PICTURE DATA FOR PIXEL VALUE (4 BITS))
313042  5 005002 005012 101000 031002 313041

          (RUN-LENGTH ENCODED PICTURE DATA FOR PIXEL VALUE (4 BITS), R
313043 17 006002 005002 005012 112000 031001 110000 031001 104000 031001 006012
101000 031011 030001 006012 101000 031001 030001

          (TYPICALLY REPORTED UNDERWATER SOUNDING WITHOUT OPTIONAL FIE
315001  5 001011 301011 301012 301023 306001

          (TYPICALLY REPORTED UNDERWATER SOUNDING WITHOUT OPTIONAL FIE
315002  5 001011 301011 301012 301023 306004

          (Temperature and salinity profile observed by profile floats)
315003 25 001087 001085 001086 002036 002148 002149 022055 022056 022067 301011
301012 301021 008080 033050 109000 031002 007065 008080 033050 022045
008080 033050 022064 008080 033050

          (XBT temperature profile data sequence)(Validation)
315004 47 022176 001011 001103 001087 001019 001080 005036 001013 001012 301011
301012 301021 007032 007033 002002 011002 011001 007032 007033 012101
012103 007032 007033 302021 002171 302056 002171 002031 002030 022005
022032 002032 315005 022063 008080 033050 022178 022177 022067 002171
008041 026021 026022 026023 022068 025061 001036

          (Water temperature profile (temperature profile ...)(Validation)
315005  8 106000 031002 007063 008080 033050 022043 008080 033050

          (Typically reported underwater sounding without ...)(Validation)
315006  5 001011 301011 301012 301023 306032

          (TYPICALLY REPORTED UNDERWATER SOUNDING WITHOUT OPTIONAL FIE
316001 10 301011 004004 301023 001021 002041 019001 010051 019002 019003 019004

          (HEADER)
316002 15 008021 004001 004002 004003 004004 004005 001033 008021 004001 004002
004003 004004 004005 007002 007002

          (JET STREAM)
316003 12 110000 031001 008011 008007 104000 031001 005002 006002 010002 011002
008007 008011

          (TURBULENCE)
316004 13 111000 031001 008011 008007 007002 007002 102000 031001 005002 006002
011031 008007 008011

          (STORM)
316005 10 108000 031001 008005 008007 005002 006002 001026 019001 008007 008005

          (CLOUD)
316006 14 112000 031001 008011 008007 007002 007002 102000 031001 005002 006002
020011 020012 008007 008011

          (FRONT)
316007 12 110000 031001 008011 008007 104000 031001 005002 006002 019005 019006
008007 008011

          (TROPOPAUSE)
316008 13 111000 031001 008001 008007 008023 103000 031001 005002 006002 010002
008023 008007 008001

          (AIRFRAME ICING AREA)
316009 13 111000 031001 008011 008007 007002 007002 102000 031001 005002 006002
020041 008007 008011

          (NAME OF FEATURE)
316010  9 107000 031001 008011 008007 001022 005002 006002 008007 008011

          (VOLCANO ERUPTING)
316011 19 117000 031001 008011 001022 008007 102000 031001 005002 006002 008021
004001 004002 004003 004004 004005 020090 008021 008007 008011

          Tropical storm identification                            !1.9
316020  5 001033 001025 001027 301011 301012

          Analysis data                                            !1.9
316021 23 301023 002041 019001 019007 019005 019006 019008 008005 010004 008005
010004 019007 008005 008021 004075 011040 019007 105004 005021 005021
102002 019003 019004

          (VOLCANO ERUPTING)
316022 24 001032 002041 019001 019010 118000 031001 008021 004014 008005 301023
019005 019006 010004 011041 008021 004075 011040 019008 105004 005021
005021 102002 019003 019004

          Tropical storm analysis information                      !1.9
316026  2 316020 316021

          Tropical storm forecast information                      !1.9
316027  2 316020 316022

          SIGMET header                                            !1.10
316030 10 301014 001037 010064 008019 001062 008019 001065 008019 001062 008019

          SIGMET observed or forecast location & motion            !1.10
316031  8 008021 301011 301012 301027 019005 019006 020028 008021

          SIGMET forecast position
316032  5 008021 301011 301012 301027 008021

          SIGMET outlook
316033  7 008021 301011 301012 101000 031001 301027 008021

          Volcanic ash SIGMET
316034 17 008079 316030 008011 001022 008007 301023 008007 020090 316031 101000
031000 316032 101000 031001 316033 008011 008079

          Thunderstorm SIGMET
316035  9 008079 316030 008011 020023 020021 020008 316031 008011 008079

          Tropical cyclone SIGMET
316036 13 008079 316030 008011 001027 316031 101000 031000 316032 101000 031001
316033 008011 008079

          Turbulence SIGMET
316037  7 008079 316030 008011 011031 316031 008011 008079

          Icing SIGMET
316038  8 008079 316030 008011 020041 020021 316031 008011 008079

          MOUNTAIN WAVE, DUSTSTORM OR SANDSTORM SIGMET
316039  7 008079 316030 008011 020024 316031 008011 008079

          CANCELLATION OF SIGMET                                         !1.10
316040  6 316030 008079 301014 001037 010064 008079

316050 16 301001 301011 301012 002160 008005 005002 006002 008005 019100 019005
019006 019101 019102 019103 019104 019105

316052 29 301005 301011 301012 001007 025150 122000 031001 001027 019150 019106
008005 005002 006002 008005 019107 019005 019006 019108 019109 019110
019111 019112 019113 019114 019115 019116 019117 019118 019119

          (Graphical AIRMET Sierra)
316071  7 301014 101000 031002 316075 101000 031002 316076

          (Graphical AIRMET Tango)
316072 10 301014 101000 031002 316077 101000 031002 316078 101000 031002 316079

          (Graphical AIRMET Zulu)
316073  7 301014 101000 031002 316080 101000 031002 316081

          (GFA identifier and observed/forecast location)
316074  5 001039 008021 301014 301027 008021

          (GFA IFR ceiling and visibility)
316075 12 008079 008041 316074 020006 033042 020013 033042 020001 020025 020026
008041 008079

          (GFA mountain obscuration)
316076  8 008079 008041 316074 020006 020025 020026 008041 008079

          (GFA turbulence)
316077  6 008079 008011 316074 011031 008011 008079

          (GFA strong surface wind)
316078  7 008079 008041 316074 033042 011012 008041 008079

          (GFA low-level wind shear)
316079  7 008079 008011 316074 020023 020024 008011 008079

          (GFA icing)
316080  6 008079 008011 316074 020041 008011 008079

          (GFA freezing level)
316081  5 008079 008041 316074 008041 008079

318001  2 301025 024011

318003  4 301026 024005 024004 024021

318004  6 301025 004023 013011 024005 024004 024022

          (WIND PROFILER  ANTENNA CHARACTERISTICS)
321001  6 002101 002114 002105 002106 002107 002121

          (WIND PROFILER  MOMENT DATA)
321003  4 021051 021014 021017 021030

          (WIND PROFILER  MOMENT DATA SOUNDING)
321004  5 301031 002003 101000 031001 321003

          (TRANSMITTER-RECEIVER CHARACTERISTICS)
321005 12 025004 002121 002122 002123 002124 002125 002126 002127 002128 002129
002130 002131

          (INTEGRATION CHARACTERISTICS)
321006  4 025001 025002 025003 025005

          (CORRECTIONS)
321007  8 025009 025010 025011 025012 025013 025015 025016 025017

          (Z TO R CONVERSION)
321008  3 025006 025007 025008

          (A TO Z LAW)
321009  2 025018 025019

          (ANTENNA CHARACTERISTICS)
321010 13 002101 007002 002102 002103 002104 002105 002106 002107 002108 002109
002110 002132 002133

          (GENERAL CHARACTERISTICS)
321011  3 030031 030032 029002

          (ANTENNA ELEVATIONS)
321012  3 101000 031001 002135

          (BASIC INFORMATION (SYSTEM/SITE HEADER) ON WIND PROFILER/RAS
321021 15 002003 002101 201130 002106 201000 201132 202130 002121 202000 201000
201133 202129 025001 202000 201000

          (WIND PROFILER: PROCESSED-DATA WINDS)
321022 11 007007 204001 031021 011001 204000 011002 204001 031021 011006 204000
021030

          WIND PROFILER: RAW-DATA WINDS)
321023  9 007007 021091 021030 202129 021014 201129 021017 202000 201000

          (RASS-MODE: PROCESSED-DATA RASS)
321024  7 007007 204001 031021 012007 011006 204000 021030

          (RASS-MODE: RAW-DATA RASS)
321025 17 007007 021091 021030 202129 021014 201129 021017 202000 201000 021092
021030 025092 201129 202129 021017 202000 201000

          (RASS DATA - FLUXES)
321026 10 007007 204001 031021 012007 025091 011071 011072 011073 011074 204000

321027 18 021118 202129 201132 002112 201000 201131 002111 201000 202000 002104
021105 021106 021107 021114 021115 021116 008018 021117

321028 18 021118 202129 201132 002112 201000 201131 002111 201000 202000 002104
021123 021106 021107 021114 021115 021116 008018 021117

          ASCAT sigma-0 information                                !ST4
321030 18 008085 202129 201131 002111 201000 202000 002134 021062 021063 021158
021159 021160 021161 021162 021163 021164 021165 021166

          (METOP GOME-2)
322028 36 001007 002019 004001 004002 004003 004004 004005 004006 005001 006001
027001 028001 027001 028001 027001 028001 027001 028001 010001 014019
007025 010080 005023 020010 008003 007004 014026 020014 013093 105000
031001 007004 007004 008043 008044 015021

          Monitoring station                                       !1.9
335001  4 008035 035001 008036 301001

          Monitoring centre                                        !1.9
335002  4 008035 035001 008036 001033

          Monitoring period                                        !1.9
335003  6 008021 004001 004002 004003 004004 004073

          Report type & station being monitored                    !1.9
335004  7 008021 004004 008021 004004 035000 301001 035011

          Report type & WMO block being monitored                  !1.9
335005  7 008021 004004 008021 004004 035000 001001 035011

          Report type & WMO region being monitored                 !1.9
335006  7 008021 004004 008021 004004 035000 001003 035011

          Report type & stations being monitored                   !1.9
335007 10 008021 004004 008021 004004 035000 001001 102000 031001 001002 035011

          Monitoring report for several stations                   !1.9
335010  3 335002 335003 335007

340001 45 001007 001031 002019 002020 004001 004002 004003 004004 004005 202131
201138 004006 201000 202000 005001 006001 007024 005021 007025 005022
005043 005040 201133 005041 201000 201132 025070 201000 202126 007001
202000 033060 033061 033062 033063 033064 033065 101010 340002 101087
340003 002019 025051 101007 340004

340002  3 025140 025141 025142

340003  5 104100 201136 005042 201000 014046

340004  9 005060 005061 025085 105006 005042 025142 014047 025142 014048

          (JASON2 OGDR data)
340005100 001007 002019 001096 025061 005044 005040 001030 004001 004002 004003
004004 004005 004007 005001 006001 008029 008074 008077 040011 025097
025095 025098 025099 021144 025096 040012 040013 021169 022151 022162
022163 025160 025133 022156 022164 022165 022166 021137 021138 022167
021139 021118 021145 021146 021147 022168 022169 022170 025161 025162
022171 022172 022173 022174 021170 021171 022175 021172 021118 021173
021174 021175 002153 012063 002153 012063 002153 012063 013090 013091
007002 011097 011098 007002 011095 011096 010096 010081 010082 010083
010101 025132 025163 025126 025128 025164 010085 010097 010086 010087
010092 010088 010089 010098 010099 010090 010100 010093 025127 040014

          (IASI Level 1c data (all channels))
340007 57 001007 001031 002019 002020 004001 004002 004003 004004 004005 202131
201138 004006 201000 202000 005001 006001 007024 005021 007025 005022
005043 005040 201133 005041 201000 201132 025070 201000 202126 007001
202000 103003 025140 025141 033060 033061 033062 033063 033064 033065
040020 101010 340002 101087 340003 002019 025051 101007 340004 020081
008029 020083 008029 040018 040019 040021 040022

          (IASI sequence combining PC scores, channel selection and enhanced dat
340008 70 001007 001031 002019 002020 004001 004002 004003 004004 004005 202131
201138 004006 201000 202000 005001 006001 007024 005021 007025 005022
005043 005040 201133 005041 201000 201132 025070 201000 202126 007001
202000 103003 025140 025141 033060 033061 033062 033063 033064 033065
040020 101010 340002 104000 031002 201136 005042 201000 014046 108003
025140 025141 040026 040016 025062 101000 031002 040017 002019 025051
101007 340004 020081 008029 020083 008029 040018 040019 040021 040022

          (Normalised differential vegetation index (NDVI))
340009 23 001007 001031 002019 002020 301011 301013 005040 201136 005041 201000
025071 005001 005001 006001 006001 107064 106032 008012 008013 008065
008072 013039 040015

          (JASON-2 OGDR data)
340010104 001007 002019 001096 025061 005044 005040 001030 004001 004002 004003
004004 004005 004007 005001 006001 008029 008074 008077 040011 025097
025095 025098 025099 021144 025096 040012 040013 021169 040023 040024
040025 022151 022162 022163 025160 025133 022156 022164 022165 022166
021137 021138 022167 021139 021118 021145 021146 021147 022168 022169
022170 025161 025162 022171 022172 022173 022174 021170 021171 022175
021172 021118 021173 021174 021175 002153 012063 002153 012063 002153
012063 013090 013091 007002 011097 011098 007002 011095 011096 010096
010081 010082 010083 010101 025132 025163 025126 025128 025164 010085
010097 010086 010087 010092 010088 010089 010098 010099 010090 010100
010093 025127 040014 010102

360001  3 020012 020012 020012

360005  4 004024 013011 004024 013011

360010  2 004024 011041

360011  2 004024 011042

360012  2 004025 011041

