Title=Logarithmic interpolation (247 fixed Impact Heights, 6 s.f.)
Method=LOG
Nlevels=247
Hlevels=
 2094.240    
 2211.910    
 2330.080    
 2449.710    
 2569.340    
 2690.920    
 2812.500    
 2935.550    
 3058.110    
 3183.110    
 3308.110    
 3433.590    
 3560.550    
 3687.500    
 3815.920    
 3944.340    
 4073.240    
 4203.120    
 4333.980    
 4465.330    
 4597.170    
 4729.980    
 4862.790    
 4997.070    
 5131.350    
 5266.110    
 5401.860    
 5538.090    
 5675.290    
 5812.990    
 5951.170    
 6090.330    
 6229.980    
 6370.120    
 6510.740    
 6652.830    
 6794.920    
 6937.990    
 7082.520    
 7226.070    
 7371.580    
 7517.090    
 7664.060    
 7811.040    
 7958.980    
 8107.910    
 8257.320    
 8407.230    
 8559.080    
 8710.940    
 8863.280    
 9017.090    
 9171.390    
 9326.660    
 9483.400    
 9639.650    
 9797.360    
 9956.050    
 10116.70    
 10276.90    
 10438.50    
 10600.60    
 10764.20    
 10927.70    
 11093.30    
 11260.30    
 11426.80    
 11595.20    
 11765.10    
 11935.50    
 12106.90    
 12279.80    
 12453.60    
 12627.90    
 12804.20    
 12981.00    
 13159.20    
 13338.90    
 13519.50    
 13701.70    
 13884.30    
 14068.80    
 14254.90    
 14441.90    
 14629.40    
 14818.40    
 15010.30    
 15201.20    
 15395.50    
 15590.80    
 15786.60    
 15984.40    
 16182.60    
 16383.80    
 16585.90    
 16789.10    
 16994.60    
 17200.70    
 17408.20    
 17617.70    
 17828.60    
 18041.00    
 18255.40    
 18470.70    
 18689.00    
 18907.70    
 19128.90    
 19350.10    
 19574.20    
 19800.30    
 20027.30    
 20256.80    
 20486.80    
 20718.80    
 20953.10    
 21189.50    
 21426.30    
 21665.00    
 21905.80    
 22149.40    
 22393.60    
 22639.20    
 22887.70    
 23136.70    
 23388.70    
 23642.10    
 23897.00    
 24153.30    
 24412.10    
 24671.90    
 24933.10    
 25196.80    
 25462.40    
 25728.50    
 25997.60    
 26267.10    
 26539.10    
 26813.00    
 27088.40    
 27364.70    
 27643.10    
 27922.40    
 28203.60    
 28486.30    
 28770.00    
 29056.60    
 29342.80    
 29631.80    
 29921.40    
 30212.40    
 30503.90    
 30797.40    
 31092.80    
 31387.70    
 31684.60    
 31982.40    
 32281.20    
 32581.10    
 32881.30    
 33182.60    
 33484.90    
 33787.60    
 34091.30    
 34396.00    
 34700.70    
 35005.90    
 35311.00    
 35617.70    
 35923.30    
 36230.00    
 36537.60    
 36843.80    
 37150.90    
 37458.50    
 37765.10    
 38072.30    
 38379.40    
 38687.00    
 38994.60    
 39301.30    
 39608.40    
 39915.50    
 40223.10    
 40530.80    
 40836.90    
 41144.50    
 41452.10    
 41758.80    
 42065.90    
 42373.50    
 42681.20    
 42988.30    
 43295.40    
 43603.00    
 43910.60    
 44218.30    
 44524.40    
 44832.00    
 45139.60    
 45447.30    
 45754.40    
 46061.50    
 46369.10    
 46676.80    
 46983.90    
 47291.50    
 47599.10    
 47906.70    
 48214.40    
 48520.50    
 48828.10    
 49135.70    
 49443.40    
 49750.50    
 50058.10    
 50365.70    
 50673.30    
 50980.50    
 51288.10    
 51595.70    
 51903.30    
 52210.00    
 52517.60    
 52825.20    
 53132.80    
 53439.90    
 53747.60    
 54055.20    
 54362.80    
 54669.90    
 54977.50    
 55285.20    
 55592.80    
 55899.90    
 56207.50    
 56515.10    
 56822.80    
 57129.90    
 57437.50    
 57745.10    
 58052.70    
 58360.40    
 58667.50    
 58975.10    
 59282.70    
 59590.30    
 59896.50    
