Title=Logarithmic interpolation to 247 fixed Impact Heights (10cm)
Method=LOG
Nlevels=247
Hlevels=
 2094.2    
 2211.9    
 2330.1    
 2449.7    
 2569.3    
 2690.9    
 2812.5    
 2935.5    
 3058.1    
 3183.1    
 3308.1    
 3433.6    
 3560.5    
 3687.5    
 3815.9    
 3944.3    
 4073.2    
 4203.1    
 4334.0    
 4465.3    
 4597.2    
 4730.0    
 4862.8    
 4997.1    
 5131.3    
 5266.1    
 5401.9    
 5538.1    
 5675.3    
 5813.0    
 5951.2    
 6090.3    
 6230.0    
 6370.1    
 6510.7    
 6652.8    
 6794.9    
 6938.0    
 7082.5    
 7226.1    
 7371.6    
 7517.1    
 7664.1    
 7811.0    
 7959.0    
 8107.9    
 8257.3    
 8407.2    
 8559.1    
 8710.9    
 8863.3    
 9017.1    
 9171.4    
 9326.7    
 9483.4    
 9639.6    
 9797.4    
 9956.0    
10116.7    
10276.9    
10438.5    
10600.6    
10764.2    
10927.7    
11093.3    
11260.3    
11426.8    
11595.2    
11765.1    
11935.5    
12106.9    
12279.8    
12453.6    
12627.9    
12804.2    
12981.0   
13159.2    
13338.9    
13519.5    
13701.7    
13884.3    
14068.8    
14254.9    
14441.9    
14629.4    
14818.4    
15010.3    
15201.2    
15395.5    
15590.8    
15786.6    
15984.4    
16182.6    
16383.8    
16585.9    
16789.1    
16994.6    
17200.7    
17408.2    
17617.7    
17828.6    
18041.0    
18255.4    
18470.7    
18689.0    
18907.7    
19128.9    
19350.1    
19574.2    
19800.3    
20027.3    
20256.8    
20486.8    
20718.8    
20953.1    
21189.5    
21426.3    
21665.0    
21905.8    
22149.4    
22393.6    
22639.2    
22887.7    
23136.7    
23388.7    
23642.1    
23897.0    
24153.3    
24412.1    
24671.9    
24933.1    
25196.8    
25462.4    
25728.5    
25997.6    
26267.1    
26539.1    
26813.0    
27088.4    
27364.7    
27643.1    
27922.4    
28203.6    
28486.3    
28770.0    
29056.6    
29342.8    
29631.8    
29921.4    
30212.4    
30503.9    
30797.4    
31092.8    
31387.7    
31684.6    
31982.4    
32281.2    
32581.1    
32881.3    
33182.6    
33484.9    
33787.6    
34091.3    
34396.0    
34700.7    
35005.9    
35311.0    
35617.7    
35923.3    
36230.0    
36537.6    
36843.8    
37150.9    
37458.5    
37765.1    
38072.3    
38379.4    
38687.0    
38994.6    
39301.3    
39608.4    
39915.5    
40223.1    
40530.8    
40836.9    
41144.5    
41452.1    
41758.8    
42065.9    
42373.5    
42681.2    
42988.3    
43295.4    
43603.0    
43910.6    
44218.3    
44524.4    
44832.0    
45139.6    
45447.3    
45754.4    
46061.5    
46369.1    
46676.8    
46983.9    
47291.5    
47599.1    
47906.7    
48214.4    
48520.5    
48828.1    
49135.7    
49443.4    
49750.5    
50058.1    
50365.7    
50673.3    
50980.5    
51288.1    
51595.7    
51903.3    
52210.0    
52517.6    
52825.2    
53132.8    
53439.9    
53747.6    
54055.2    
54362.8    
54669.9    
54977.5    
55285.2   
55592.8    
55899.9    
56207.5    
56515.1    
56822.8    
57129.9    
57437.5    
57745.1    
58052.7    
58360.4    
58667.5    
58975.1    
59282.7    
59590.3    
59896.5    
